HyperCLaw-V1.1
1
sdf
3
0
0
-0.59999999999999998 -0.59999999999999998 -0.59999999999999998 
0.59999999999999998 0.59999999999999998 0.59999999999999998 

((0,0,0) (47,47,47) (0,0,0)) 
0 
0.024999999999999998 0.024999999999999998 0.024999999999999998 
0
0
0 8 0
0
-0.59999999999999998 0
-0.59999999999999998 0
-0.59999999999999998 0
0 0.59999999999999998
-0.59999999999999998 0
-0.59999999999999998 0
-0.59999999999999998 0
0 0.59999999999999998
-0.59999999999999998 0
0 0.59999999999999998
0 0.59999999999999998
-0.59999999999999998 0
-0.59999999999999998 0
-0.59999999999999998 0
0 0.59999999999999998
0 0.59999999999999998
-0.59999999999999998 0
0 0.59999999999999998
-0.59999999999999998 0
0 0.59999999999999998
0 0.59999999999999998
0 0.59999999999999998
0 0.59999999999999998
0 0.59999999999999998
Level_0/Cell
