1
1
1
0
(8 0
((0,0,0) (23,23,23) (0,0,0))
((24,0,0) (47,23,23) (0,0,0))
((0,24,0) (23,47,23) (0,0,0))
((24,24,0) (47,47,23) (0,0,0))
((0,0,24) (23,23,47) (0,0,0))
((24,0,24) (47,23,47) (0,0,0))
((0,24,24) (23,47,47) (0,0,0))
((24,24,24) (47,47,47) (0,0,0))
)
8
FabOnDisk: Cell_D_00000 0
FabOnDisk: Cell_D_00000 110681
FabOnDisk: Cell_D_00000 221363
FabOnDisk: Cell_D_00000 332045
FabOnDisk: Cell_D_00000 442728
FabOnDisk: Cell_D_00000 553410
FabOnDisk: Cell_D_00000 664093
FabOnDisk: Cell_D_00000 774776

8,1
-1.37499999999999928e-01,
-1.37499999999999928e-01,
-1.37499999999999928e-01,
-1.37499999999999928e-01,
-1.37500000000000039e-01,
-1.37500000000000039e-01,
-1.37500000000000039e-01,
-1.37500000000000039e-01,

8,1
7.11064221994438528e-01,
7.11064221994438528e-01,
7.11064221994438528e-01,
7.11064221994438528e-01,
7.11064221994438528e-01,
7.11064221994438528e-01,
7.11064221994438528e-01,
7.11064221994438528e-01,

